1111111122222111111111111111111122211111111311111325211111111111111111111111141112222211111
1111111122222222111111111111111122221111111131111312522111111111111111111111411112222221111
1111111122222222111111111111111112222221111113111111252221111111111111112224111111222211111
2222222222222222222222221222222222222222222223111111125222211111112222222252111111122221444
2222222222222222222222222222222222222222222221311111112522222112222222222522211111111444111
2222222222222222222222222222222222222111111111131111111252222222222222225222211111444112221
2221111111111111111111111111111111111111111111131111111125122222222222252222211114111122222
2221112222222222221111111111111111111111111111131111111115222222222222522222111441111112222
2222112222222222221111111111111111111111111111311111111114122222222225222221114111111111122
2222112211111111111111111111111111113333111333111111111114111222222252222211141111111111111
2222111111111111111111111111111133331111331111111111111114111112222422222111411111111111111
2222211111111111111111111111111311111111111111111111111114111111114111111114411111111111111
2222211111111111111111111111133111111111111111111111111111411111114111111141111111111111111
2222211111111111111111111111311111111111111111111111111111411111114111111411111111111111111
2222211111111113311111111113111111111111111111111111111111411311114111114111111111111111111
2222211111111131113111111131111111131131133333333333333333343113164611141111333111111111111
1222211133333111111333333333333333313313111111111111111122214111314311433333333333311111111
1222211322221111122211111122211111111111111111111111111122221411114131411111333111133333333
1222211133311111222211111122221111111111111111111111111222221141114111411111111111111111111
1222211111131111222211111112222111111111111111111111111222221114114111411111111111111111111
1222211111311111122211111111222211111111111111111111111222221111414111411111111111111111111
1222211111131111122221111111122221111111111111111111111222221111144114111111111111111111111
1222211111131111122221111111112221111111111111111111111122221144777741111111111111111111111
1222211111113111122221144444444554447444444444444474444445554411777711111111111222222211111
1222221111113111112554411111111222111111111111111111111112222111141411111112222222221111111
1222221111113111144221111112221222111111112222211111111111222211141141111222222222111111111
1122221111111344412222111111221111111111111222221111111111122211411114222222221111111111111
1122221111131411111222111111221111111111111122222111111111111114111222522222111111111111111
1112211113141222111222211111222111111111111112222221111111111114112222252221111111111111111
1111111314112222222222222222222222222222222222222221111111111141122222214111111111111111111
1111131141112222222222222222222222222222222222222221111111111141122211111411111111111111111
111131B411111112222222222222211111111122222221111111111111111141111111111141111111111111111
1131114111111111111111111111111111111111111111111111111111111411111111111114111111111111111
1311141111111111111111111111111111111111111111111111111111111411111111111111411111111111111
3111411111111111111111111111111111111111111111111111111111114111111111111111141111111111111
